111102100110000011000001100000110000011000001100000111000011000001110000110000011000001100000110000011000001100000110000211110001110000110000011000001100000110000211100001100000110000011000001100000110000011000001100000110000011000001100000110000011000001100000110000011000001100000110000011000001100000110000011100001100000110000011000001100000111000011000001100002
11111111110000110000011000001100000110000011000001102100110000021110001100000110000011000001100000110000011000001100000111000011110000100000110000011000001100000111000011000001100000110000011000001100000110000011000001100000110000011000001100000110000011000001100000110000011000001100000110000011000001100021110000011000001100000110000011000001100000110000011000001
11111111100001100000110000011000000000000000000000000000000000000000000000000000000000000011000001100000110000011000001100000000000000000000000000000000011000001110000110000011000001100000110000011000001100000110000011000001100000110000011000001100000110000011000001100000110000011000001100000110000011000021110000110000011000001100000110000011000001100000110000011
11111111000011000001100000110000011000001100000110002111000001100210110000011000001100000110000011000001100000110000021110001102100110000011000001100000110000021110001100000110000011000001100000110000011000001100000110000011000001100000110000011000001100000110000011000001100000110000011000001100000110000011100001100000110000011000001100000110000011000001100000211
111111110001100000110000011000001100000110000011000021110000110000211100001100000110000011000001100000110000011000001100211100002111000001100000110000011000000100211110000011000001100000110000011000001100000110000011000001100000110000011000001100000110000011000001100000110000011000001100000110000011000002111000110000011000001100000110000011000001100000110000011002
11111111110000001100000110000011000001100000110000011100001100000111000011000001100000110000011000001100000110000011000211100002111000011000001100000110000011000211100000110000011000001100000110000011000001100000110000011000001100000110000011000001100000110000011000001100000110000011000001100000110000011021001100000110000011000001100000110000011000001100000110002
11111111110000011000001100000110000011000001100000111100021000001110000110000011000001100000110000011000001100000110000211100001110000110000011000001100000110000211100001100000110000011000001100000110000011000001100000110000011000001100000110000011000001100000110000011000001100000110000011000001100000110021111000000100000110000011000001100000110000011000001100002
11111111110000110000011000001100000110000011000001102100110000021110001100000110000011000001100000110000011000001100000111000011100001100000110000011000001100000111000011000001100000110000011000001100000110000011000001100000110000011000001100000110000011000001100000110000011000001100000110000011000001100021110000011000001100000110000011000001100000110000011000001
111111111000011000001100000110000011000001100000110021011000001100211100000011000001100000110000011000001100000110000021110000111100210000011000001100000110000021110001100000110000011000001100000110000011000001100000110000011000001100000110000011000001100000110000011000001100000110000011000001100000110000011100001100000110000011000001100000110000011000001100000211
11111111000110000011000001100000110000011000001100002110000011000211100000110000011000001100000110000011000001100000110211111002111100000110000011000001100000110210011000001100000110000011000001100000110000011000001100000110000011000001100000110000011000001100000110000011000001100000110000011000001100000111000011000001100000110000011000001100000110000011000001102
11111111001100000110000011000001100000110000011000001120000110000211100001100000110000011000001100000110000011000001100211110002111000001100000110000011000001100211110000011000001100000110000011000001100000110000011000001100000110000011000001100000110000011000001100000110000011000001100000110000011000001111000110000011000001100000110000011000001100000110000011002
11111111111000001100000110000011000001100000110000011100001100000111000011000001100000110000011000001100000110000011000211110002111000011000001100000110000011000211100000110000011000001100000110000011000001100000110000011000001100000110000011000001100000110000011000001100000110000011000001100000110000011021001100000110000011000001100000110000011000001100000110002
111111111100000110000011000001100000110000011000002111000110000011110001100000110000011000001100000110000011000001100000111100011100001100000110000011000001100000111000011000001100000110000011000001100000110000011000001100000110000011000001100000110000011000001100000110000011000001100000110000011000001100021110000011000001100000110000011000001100000110000011000001
11111111000001100000110000011000001100000110000011002111100000110210011000001100000110000011000001100000110000011000001110000111100011000001100000110000011000001110000110000011000001100000110000011000001100000110000011000001100000110000011000001100000110000011000001100000110000011000001100000110000011000021110000110000011000001100000110000011000001100000110000011
11111111000011000001100000110000011000001100000110002111000001100211110000011000001100000110000011000001100000110000021111001102100110000011000001100000110000021110001100000110000011000001100000110000011000001100000110000011000001100000110000011000001100000110000011000001100000110000011000001100000110000011100001100000110000011000001100000110000011000001100000211
11111111000110000011000001100000110000011000001100002110000011000211100000110000011000001100000110000011000001100000110211111002111100000110000011000001100000110210011000001100000110000011000001100000110000011000001100000110000011000001100000110000011000001100000110000011000001100000110000011000001100000111000011000001100000110000011000001100000110000011000001102
111111110011000001100000110000011000001100000110000011100001100000111000011000001100000111111111111111111111111111111111111111112111000011000001100000110000011000211100000110010011001001100000110000011000001100000110000011000001100000110000011000001100000110000011000001100000110000011000001100000110000011021001100000110000011000001100000110000011000001100000110002
11111111110000011000001100000110000011000001100000211100011000001110000110000011000001100000110000011000001100000110000211100001110000110000011000001100000110000211100001100000110000011000001100000110000011000001100000110000011000001100000110000011000001100000110000011000001100000110000011000001100000110021111000001100000110000011000001100000110000011000001100001
11111111100000110000011000001100000110000011000001102100110000011210001100000110000011000001100000110000011000001100000111000011100001100000110000011000001100000111000011000001100000110000011000001100000110000011000001100000110000011000001100000110000011000001100000110000011000001100000110000011000001100021110000011000001100000110000011000001100000110000011000001
11111111000001100000110000011000001100000110000011002101100000110210011000001100000110000011000001100000110000011000001110000112100011000001100000110000011000001110000110000011000001100000110000011000001100000110000011000001100000110000011000001100000110000011000001100000110000011000001100000110000011000021110000110000011000001100000110000011000001100000110000011
111111110000110000011000001100000110000011000001100021110000011000211100000110000011000001100000110000011000001100000110210011002101100000110000011000001100000110210011000001100000110000011000001100000110000011000001100000110000011000001100000110000011000001100000110000011000001100000110000011000001100000111000011000001100000110000011000001100000110000011000001102
11111111001100000110000011000001100000110000011000001110000110000211100001100000110000011000001100000110000011000001100210110002111000001100000110000011000001100210110000011000001100000110000011000001100000110000011000001100000110000011000001100000110000011000001100000110000011000001100000110000011000001121000110000011000001100000110000011000001100000110000011002
